14301 - 4194 5716 0
14301 - 4190 5708 0
14301 - 4182 5708 0
14301 - 4174 5722 0
14301 - 4192 5720 0
14301 - 4203 5716 0
14301 - 4176 5721 0
14301 - 4171 5715 0
14301 - 4184 5717 0
14301 - 4212 5710 0
14301 - 4212 5718 0
4698 - 3482 9509 0
4698 - 3479 9507 0
4698 - 3482 9505 0
4698 - 3478 9501 0
4698 - 3473 9498 0
4698 - 3479 9496 0
4698 - 3476 9489 0
4698 - 3483 9493 0
4698 - 3490 9494 0
4698 - 3495 9490 0
4698 - 3496 9496 0
4698 - 3493 9502 0
4698 - 3497 9504 0
4698 - 3491 9507 0
4698 - 3491 9512 0
4698 - 3486 9511 0
51 - 1300 4530 0
51 - 1306 4526 0
51 - 1311 4532 0
51 - 1319 4534 0
51 - 1326 4531 0
51 - 1330 4524 0
51 - 1330 4517 0
51 - 1321 4517 0
51 - 1319 4496 0
51 - 1310 4494 0
51 - 1301 4494 0
51 - 1294 4491 0
1648 - 3411 3550 0
1648 - 3411 3547 0
1648 - 3415 3545 0
1648 - 3418 3550 0
1648 - 3417 3417 0
1648 - 3421 3546 0
1648 - 3424 3543 0
1648 - 3428 3543 0
1648 - 3429 3545 0
1648 - 3413 3413 0
1637 - 3426 3554 0
1637 - 3423 3554 0
1637 - 3423 3557 0
1637 - 3426 3557 0
1637 - 3423 3559 0
1637 - 3419 3559 0
1637 - 3415 3557 0
1637 - 3419 3557 0
1637 - 3411 3557 0
1637 - 3411 3559 0
1637 - 3411 3563 0
1637 - 3411 3565 0
1637 - 3413 3565 0
1612 - 3430 3573 0
1612 - 3435 3573 0
1612 - 3441 3573 0
1612 - 3441 3563 0
1612 - 3438 3559 0
1612 - 3433 3564 0
1612 - 3443 3547 0
1612 - 3442 3540 0
1612 - 3439 3545 0
1613 - 3438 3563 2
1613 - 3442 3561 2
1613 - 3437 3558 2
1613 - 3446 3562 2
1613 - 3444 3568 2
1613 - 3439 3570 2
1613 - 3436 3568 2
1613 - 3435 3572 2
1613 - 3446 3572 2
1643 - 3435 3557 1
1643 - 3433 3561 1
1643 - 3435 3564 1
1643 - 3440 3561 1
1643 - 3444 3559 1
1643 - 3441 3556 1
6215 - 3426 3573 1
6215 - 3422 3573 1
6215 - 3411 3573 1
6215 - 3417 3566 1
6215 - 3424 3566 1
6215 - 3425 3563 1
6215 - 3418 3561 1
1604 - 3426 3550 1
1604 - 3437 3548 1
1604 - 3439 3548 1
1604 - 3425 3553 1
1604 - 3424 3540 1
1604 - 3429 3543 1
1610 - 3434 3539 2
1610 - 3442 3539 2
1610 - 3441 3549 2
1610 - 3434 3551 2
1615 - 3421 3567 2
1615 - 3428 3565 2
1615 - 3426 3574 2
1615 - 3412 3571 2
1615 - 3417 3561 2
1615 - 3411 3559 2
2783 - 3424 3549 2
2783 - 3419 3547 2
2783 - 3414 3547 2
2783 - 3413 3552 2
1597 - 3425 3538 0
1600 - 2797 9996 0
1600 - 2793 9998 0
1600 - 2792 9993 0
1600 - 2790 9997 0
1600 - 2787 9994 0
1600 - 2784 9995 0
1600 - 2782 10000 0
1600 - 2785 9999 0
1632 - 2794 10016 0
1632 - 2792 10019 0
1632 - 2800 10013 0
1632 - 2798 10018 0
1632 - 2802 10021 0
1632 - 2804 10017 0
1632 - 2806 10021 0
1621 - 2802 10032 0
1621 - 2797 10031 0
1621 - 2800 10036 0
1621 - 2796 10034 0
1621 - 2792 10037 0
1621 - 2788 10034 0
1621 - 2785 10038 0
1633 - 2757 10011 0
1633 - 2761 10012 0
1633 - 2760 10008 0
1633 - 2757 10006 0
1633 - 2759 10003 0
1633 - 2762 10005 0
1633 - 2766 10002 0
1633 - 2760 10000 0
1633 - 2766 10004 0
1633 - 2761 9997 0
1616 - 2745 10004 0
1616 - 2740 10005 0
1616 - 2740 10010 0
1616 - 2746 10008 0
1616 - 2743 10012 0
1616 - 2746 10016 0
1640 - 2711 10031 0
1640 - 2712 10026 0
1640 - 2709 10023 0
1640 - 2707 10028 0
1640 - 2705 10025 0
1640 - 2703 10022 0
1640 - 2699 10023 0
1640 - 2697 10027 0
1640 - 2700 10030 0
1640 - 2703 10032 0
1627 - 2716 10010 0
1627 - 2720 10012 0
1627 - 2720 10008 0
1627 - 2719 10004 0
1627 - 2723 10006 0
1627 - 2724 10011 0
1627 - 2726 10007 0
1627 - 2722 10001 0
1627 - 2722 9996 0
1627 - 2729 9998 0
1609 - 2703 10001 0
1609 - 2704 9995 0
1609 - 2696 9994 0
1609 - 2695 10002 0
1609 - 2699 9998 0
6222 - 2822 5302 0
6223 - 2827 5299 0
6225 - 2826 5304 0
6227 - 2836 5300 0
6203 - 2932 5321 0
6204 - 2923 5321 0
6206 - 2925 5327 0
6208 - 2931 5329 0
6247 - 2923 5244 0
6248 - 2928 5249 0
6250 - 2923 5254 0
6252 - 2918 5249 0
6260 - 2870 5369 0
6261 - 2866 5362 0
6263 - 2870 5356 0
6265 - 2874 5361 0
3709 - 3088 3507 0
5080 - 2494 2918 0
5080 - 2492 2914 0
5080 - 2487 2916 0
5073 - 2485 2906 0
5073 - 2482 2901 0
5075 - 2486 2897 0
5075 - 2493 2895 0
7031 - 2500 2896 0
7031 - 2505 2898 0
5072 - 2509 2902 0
5072 - 2511 2906 0
5074 - 2512 2913 0
5074 - 2517 2910 0
5080 - 2494 2920 0
5080 - 2489 2920 0
5080 - 2485 2921 0
5080 - 2480 2921 0
5080 - 2481 2915 0
5080 - 2489 2909 0
5080 - 2488 2919 0
5080 - 2496 2920 0
5080 - 2499 2916 0
5080 - 2490 2911 0
5080 - 2490 2906 0
5080 - 2494 2904 0
5080 - 2497 2911 0
2455 - 2445 10148 0
2455 - 2457 10134 0
2455 - 2455 10146 0
2455 - 2452 10161 0
2455 - 2465 10160 0
2455 - 2473 10152 0
2455 - 2474 10143 0
2455 - 2469 10136 0
2455 - 2487 10128 0
2455 - 2486 10140 0
2455 - 2484 10151 0
2455 - 1813 4406 2
2455 - 1817 4404 2
2455 - 1824 4388 2
2455 - 1817 4392 2
2455 - 1831 4360 1
2455 - 1843 4359 1
2455 - 1857 4360 1
2455 - 1865 4368 1
2455 - 1864 4378 2
2455 - 1864 4383 2
2455 - 1864 4392 1
2455 - 1865 4403 1
2455 - 1872 4410 1
2455 - 1888 4410 1
2455 - 1889 4393 0
2455 - 1885 4377 0
2455 - 1887 4363 0
2455 - 1897 4368 0
2456 - 2494 10131 0
2456 - 2499 10125 0
2456 - 2503 10127 0
2456 - 2510 10125 0
2456 - 2517 10128 0
2456 - 2530 10123 0
2456 - 2535 10128 0
2456 - 2524 10124 0
2456 - 2495 10147 0
2456 - 1812 4402 2
2456 - 1828 4386 2
2456 - 1824 4392 2
2456 - 1837 4359 1
2456 - 1850 4360 1
2456 - 1862 4362 1
2456 - 1864 4398 1
2456 - 1867 4409 1
2456 - 1880 4411 1
2456 - 1882 4382 0
2456 - 1890 4368 0
2456 - 1904 4364 0
2446 - 2545 10145 0
2443 - 2543 10143 0
2440 - 2545 10141 0
2881 - 2911 4454 0
2882 - 2920 4448 0
2883 - 2909 4441 0
13820 - 3017 9261 0
13820 - 3014 9259 0
13820 - 3016 9255 0
13820 - 3017 9251 0
13820 - 3022 9253 0
13820 - 3024 9256 0
13820 - 3024 9259 0
13822 - 3046 9272 0
13822 - 3047 9269 0
13822 - 3045 9266 0
13822 - 3047 9264 0
13822 - 3044 9262 0
13821 - 3062 9250 0
13821 - 3063 9247 0
13821 - 3062 9244 0
13821 - 3058 9243 0
13821 - 3056 9247 0
13821 - 3058 9238 0
8133 - 2990 4384 2
14696 - 4710 5461 0
14696 - 4710 5453 0
14696 - 4704 5451 0
14696 - 4697 5449 0
14696 - 4698 5459 0
14696 - 4699 5470 0
14696 - 4700 5476 0
14696 - 4705 5484 0
14696 - 4719 5487 0
14696 - 4716 5475 0
1265 - 2408 3852 0
1265 - 2407 3849 0
1265 - 2415 3849 0
1265 - 2417 3852 0
1265 - 2417 3847 0
1265 - 2403 3852 0
1265 - 2399 3856 0
1265 - 2396 3853 0
1265 - 2393 3856 0
1265 - 2392 3861 0
1265 - 2388 3861 0
2885 - 2406 3863 0
2885 - 2410 3863 0
2885 - 2415 3864 0
2885 - 2417 3867 0