//key money boolean(general store) - Name - item quantity and repeat
1 995 true - Ben's Project General Store - 1931 100 1935 100 1735 100 1925 100 1923 100 1887 100 590 100 1755 100 2347 100 952 100 550 100 9003 100 1739 100 950 100 1635 100 7650 100 1662 100
2 995 false - Ben's Project Weapon Shop - 1323 100 1325 100 1329 100 1331 100 1333 100 4587 100 1305 100 1377 100 1434 100 3204 100 1215 100 5698 100 7158 100 8849 100 8850 100 20072 100 7459 100 7460 100 7461 100 7462 100 6746 100 4151 100 21371 100
3 995 false - Lumbridge Fishing Supplies - 303 5 307 10 309 10 13431 10 313 1000 314 1000 317 0 327 0 345 0 321 0 335 0 349 0 331 0 13435 0
4 995 false - Ben's Project Summoning Ingredient Shop - 12155 2147000000 12183 2147000000 12158 2147000000 12159 2147000000 12160 2147000000 12163 2147000000 2859 5000000 2138 5000000 6291 5000000 3363 5000000 20903 5000000 6319 5000000 1783 5000000 3095 5000000 2134 5000000 3138 5000000 6032 5000000 10033 5000000 3325 5000000 12156 5000000 1519 5000000 2351 5000000 9978 5000000 2353 5000000 10099 5000000 2359 5000000 7939 5000000 1963 5000000 2361 5000000 1442 5000000 1440 5000000 1438 5000000 1444 5000000 2362 5000000 12161 5000000 1115 5000000 10818 5000000 1119 5000000
5 995 true - Beefy Bill's Supplies - 1931 30 1929 10 1937 10 2313 10 1887 10 590 10 1735 10 1951 10 1969 10 1949 10 9703 10 9704 10 9705 10 9706 30
6 995 false - Peksa's Helmet Shop - 1139 10 1137 10 1141 10 1143 10 1145 10 1155 10 1153 10 1157 10 1165 10 1159 10 1161 10
7 995 false - Donator Potions - 23531 100000 23243 100000 23255 100000 23279 100000 23291 100000 23303 100000 23315 100000 23351 100000 23363 100000 23387 100000 23399 100000 23423 100000 23483 100000 23495 100000 23501 100000 23507 100000 23513 100000 23519 100000 23525 100000 23609 100000
8 995 true - Varrock General Store - 1931 30 1935 10 1735 10 1925 30 1923 10 1887 10 590 10 1755 10 2347 10 550 10 9003 10
9 995 false - Ben's Project Runecrafting Shop - 1437 999999999 7937 999999999 5509 999999999 5510 999999999 5512 999999999 5514 999999999 554 999999999 555 999999999 556 999999999 557 999999999 558 999999999 560 999999999 561 999999999 562 999999999 563 999999999 564 999999999 565 999999999 566 999999999 9075 999999999 4694 999999999 4695 999999999 4697 999999999 4698 999999999 4699 999999999
10 995 false - Ben's Project Magic shop - 1379 100000 1389 100000 1381 100000 1383 100000 1385 100000 1387 100000 554 999999999 555 999999999 556 999999999 557 999999999 558 999999999 560 999999999 561 999999999 562 999999999 563 999999999 564 999999999 565 999999999 566 999999999 9075 999999999 4694 999999999 4695 999999999 4697 999999999 4698 999999999 4699 999999999 15486 10000 6914 10000
11 995 false - Aubury's Rune Shop - 554 300 555 300 556 300 557 300 558 100 559 100 562 30 560 10
12 995 false - Scavvo's Rune Store - 1093 10 1079 10 1432 10 1113 10 1289 10 1303 10 1099 10 1065 10 1169 10
13 22451 false - Polypore Dungeon Shop - 22482 100 22486 100 22490 100 22470 100 22474 100 22478 100 22458 100 22462 100 22466 100 22494 100
14 995 false - Ben's Project Ranged Shop - 884 100000 886 100000 888 100000 890 100000 892 100000 11212 100000 9144 100000 9339 100000 9242 100000 9341 100000 9244 100000 841 100000 843 100000 857 100000 861 100000 9185 100000 1099 100000 1135 100000 1065 100000 2497 100000 2503 100000 2491 100000 10499 100000 2581 1000 2577 1000 11235 100000
15 995 false - Ben's Project Armour Shop - 4121 100 1067 100 1115 100 1153 100 1191 100 4127 100 1071 100 1121 100 1159 100 1197 100 4129 100 1073 100 1123 100 1161 100 1199 100 4131 100 1079 100 1127 100 1163 100 1201 100 11732 100 4087 100 3140 100 14479 100 11335 100 1187 100 24365 100 1540 100
16 995 false - Dodgy Derek's Dirty Deals - 1523 2 6412 5 18644 100 590 10 954 10
17 995 false - Corporeal Shop - 13734 100 13754 100
18 995 false - Ben's Project Skillcape Shop - 9748 100000 9751 100000 9754 100000 9757 100000 9760 100000 9763 100000 9766 100000 9769 100000 9772 100000 9775 100000 9778 100000 9781 100000 9784 100000 9787 100000 9790 100000 9793 100000 9796 100000 9799 100000 9802 100000 9805 100000 9808 100000 9811 100000 9949 100000 12170 100000
19 995 false - Ben's Project Crafting Shop - 1755 100000 1625 100000 1627 100000 1629 100000 1623 100000 1621 100000 1619 100000 1617 100000 1631 100000 1595 100000 1609 1000 1611 1000 1613 1000 1607 1000 1605 1000 1603 1000 1601 1000 1615 1000 1712 10000 1725 10000 1727 10000 1729 10000 1731 10000 6585 10000
20 995 false - Ben's Project Herblore Shop - 227 2147483647 228 2147483647 233 100000 199 100000 201 100000 203 100000 205 100000 207 100000 209 100000 211 100000 213 100000 3051 100000 215 100000 2485 100000 217 100000 219 100000 221 100000 223 100000 225 100000 231 100000 235 100000 239 100000 241 100000 245 100000 247 100000 12539 100000
21 995 false - Ben's Project Woodcutting & Mining Shop - 1351 100000 1349 100000 1353 100000 1361 100000 1355 100000 1357 100000 1359 100000 6739 100000 952 100000 590 100000 13661 100000 1511 100000 1521 100000 1519 100000 1517 100000 1265 100000 1267 100000 1269 100000 1273 100000 1271 100000 1275 100000 15259 100000 436 100000 438 100000 440 100000 453 100000 447 100000 449 100000 2347 100000 946 100000
22 995 false - Hank's Fishing Shop - 378 100000 380 100000 372 100000 374 100000 7944 100000 7947 100000 383 100000 386 100000 15270 100000 15273 250000000 301 10000 303 10000 305 10000 307 10000 309 10000 311 10000 313 100000 314 999999999 590 10000
23 995 false - Summoning Starter Ingredients - 12155 2147000000 12183 2147000000 12158 2147000000 12159 2147000000 12160 2147000000 12163 2147000000 2859 999999999 2138 999999999 6291 999999999 6319 999999999 1783 999999999 2134 999999999 137 999999999 6032 999999999 3325 999999999 12156 999999999 6010 999999999 12153 999999999 12109 999999999 12111 999999999 12113 999999999 12115 999999999 12117 999999999 12119 999999999 12121 999999999 1635 999999999
24 995 false - Summoning Intermediate Ingredients - 12155 2147000000 12183 2147000000 12158 2147000000 12159 2147000000 12160 2147000000 12163 2147000000 9978 999999999 1937 999999999 10103 999999999 10095 999999999 10099 999999999 6667 999999999 9736 999999999 7801 999999999 6287 999999999 8431 999999999 2150 999999999 7939 999999999 1963 999999999 1933 999999999 10117 999999999 14616 999999999 6979 999999999 2464 999999999
25 995 false - Summoning Master Ingredients - 12155 2147000000 12183 2147000000 12158 2147000000 12159 2147000000 12160 2147000000 12163 2147000000 2132 999999999 10020 999999999 5933 999999999 1442 999999999 1440 999999999 1438 999999999 1444 999999999 571 999999999 6155 999999999 10149 999999999 237 999999999 3226 999999999 10818 999999999 1119 999999999
26 995 false - Hunting Expert Shop - 10006 1500000 10008 1500000
27 995 false - Restless Pure Shop - 6106 20000 6107 20000 6108 20000 6109 20000 6110 20000 6111 20000 868 200000000 9185 20000 22420 20000 22421 20000 22422 20000 22423 20000 22424 20000 22425 20000 3105 20000 15126 20000 6528 20000 2412 20000 2413 20000 2414 20000 6889 20000
28 -2 false - Xuans Loyalty shop - 20958 10000 22268 10000 20962 10000 22270 10000 20967 10000 22272 10000 22280 10000 22282 10000 22284 10000 22286 10000 20966 10000 22274 10000 22288 10000 22288 10000 22290 10000 20965 10000 22276 10000 22292 10000 22294 10000 22300 10000 22296 10000 22298 10000 22302 10000
29 995 false - Barrows Shop - 4716 1000 4720 1000 4722 1000 4718 1000 4710 1000 4708 1000 4712 1000 4714 1000 4753 1000 4755 1000 4757 1000 4759 1000 4745 1000 4747 1000 4749 1000 4751 1000 4724 1000 4726 1000 4728 1000 4730 1000 4732 1000 4734 1000 4736 1000 4738 1000 4740 999999999
30 995 false - Pking Shop - 10828 1000 3753 100 3751 100 3749 100 3755 100 3486 1000 3481 1000 3483 1000 3485 1000 4091 1000 4093 1000 6918 10000 6916 10000 6924 10000 6922 10000 6920 10000 6889 10000
31 995 false - Harrys Potion Shop - 15332 100000 2436 100000 2440 100000 2442 100000 3024 100000 2444 100000 3040 100000 6685 100000 2452 100000 2446 100000 3016 100000 21630 100000 2437 100000000 2441 100000000 2443 100000000 3025 100000000 2445 100000000 3041 100000000 6686 100000000 2453 100000000 2447 100000000 3017 100000000 21631 100000000
32 995 false - <col=000099>Donator Pet Shop - 22992 1000 12512 1000 12700 1000 12702 1000 12496 1000 12682 1000 12684 1000 12686 1000 12688 1000 12690 1000 12692 1000 12694 1000 12696 1000 12698 1000 12522 1000 12720 1000 12722 1000 12518 1000 12712 1000 12714 1000 12481 1000 12763 1000 12765 1000 12473 1000 12471 1000 12469 1000 12475 1000
33 995 false - <col=ff0000>Mandriths Donator Shop - 11665 500 11663 500 11664 500 8839 500 8840 500 8842 500 15017 500 15020 500 15220 500 15018 500 15019 500 10346 500 10348 500 10350 500 10352 500 10332 500 10330 500 10334 500 10336 500 10340 500 10338 500 10342 500 10344 500 24437 500 18744 500 18745 500 18746 500 25202 100 28004 100
34 12852 false - Pk Shop - 10551 1000 10548 1000 22358 1000 22359 1000 22360 1000 22361 1000 22362 1000 22363 1000 22364 1000 22365 1000 15444 1000 15443 1000 15442 1000 15441 1000 18349 1000 18353 1000 18351 1000 18357 1000 18355 1000 18359 1000 19784 1000 14484 1000 23659 25
35 995 false - Tamayu' - 4675 1000 24092 1000 24094 1000 24096 1000 24098 1000 22207 1000 22209 1000 22211 1000 22213 1000 14499 1000 14497 1000 14501 1000 6129 1000 6130 1000 6145 1000 6128 1000 15241 1000 20949 1000 20950 1000 20951 1000 20952 1000 6737 1000 6733 1000 6731 1000 15243 1000